file     obj_name      ra_deg    dec_deg    mjd_obs    rv    width    depth    vsini_calc_val      min_chi    snr_median    mask      central_wlen    wlen_range    BIS    b_b    b_b_err    c_b    ad_sig
ADP.2023-06-14T01:02:00.406.fits     HD98800_HARPS      170.51895    -24.77552    60107.970    17.37    9.25    0.249    3      0.146    5.50    R50G2      5346.7    2992.1    0.743    16.165    8.482    4.386    0.15
ADP.2023-06-14T01:02:00.404.fits     HD98800_HARPS      170.51893    -24.77550    60107.956    17.29    9.51    0.244    3      0.154    5.64    R50G2      5346.7    2992.1    1.707    31.237    9.663    6.616    0.15
ADP.2023-07-05T01:02:00.051.fits     HD98800_HARPS      170.51922    -24.77611    60128.936    7.98    9.51    0.291    9      0.110    5.97    R50G2      5346.7    2992.1    1.172    10.141    0.668    1.217    0.15
ADP.2023-06-04T01:01:48.335.fits     HD98800_HARPS      170.51869    -24.77580    60097.996    19.14    7.17    0.288    3      0.036    5.70    R50G2      5346.7    2992.1    0.581    1.606    0.188    -0.013    0.15
QC0.NIRPS.2023-06-03T17:37:28.079.fits     HD98800_NIRPS      170.51862    -24.77585    60097.996    20.31    4.65    0.029    1      0.444    8.37    M2_IR      13755.4    8164.4    0.021    1.361    0.272    -0.096    0.15
QC0.NIRPS.2023-06-13T23:55:18.178.fits     HD98800_NIRPS      170.51895    -24.77551    60107.956    18.66    4.70    0.029    1      0.445    11.43    M2_IR      13755.4    8164.4    -0.222    -13.644    0.511    -0.126    0.15
